name: ケーズデンキスタジアム水戸
lon: 140.412297
lat: 36.345376
