name: 味の素フィールド西が丘
lon: 139.707952
lat: 35.769171